100
19050 25505 44754 27476 32915 34532 20268 38984 42860 19982 38549 27704 34702 2638 19172 15103 6591 241 44739 15802 40689 9876 21067 16287 23619 13715 48036 39597 10356 15950 6830 29406 7806 17935 6881 40720 2466 43500 29703 11677 29833 34604 39380 14534 37241 8551 29636 43832 25144 40726 25985 15832 16954 47052 32119 40572 27118 46506 46521 3826 12455 19702 49583 20260 37636 22815 27331 6453 16314 23385 34481 46147 7988 23861 27032 11581 48763 23020 21764 40258 13745 14100 6090 47050 11151 4560 37622 4621 1065 494 8446 29871 20195 8028 16482 24182 30842 43812 30634 13507 
100
14 17196
36 26005
89 5326
41 3116
79 42408
4 10698
39 38978
81 19554
27 4050
14 37453
98 24020
66 1336
17 20277
70 34747
32 27980
76 30976
81 13197
75 3063
78 42721
28 21667
64 47408
37 23983
36 31855
4 35569
21 33414
85 7370
5 35270
98 34350
48 26522
1 39367
95 17179
28 16028
42 10027
47 31602
68 7971
30 37874
56 1983
89 24467
87 21744
9 2445
14 15760
81 45294
95 34870
43 39279
45 31443
73 32244
23 15339
65 11700
53 65
87 28111
36 29272
7 46117
83 10544
39 47795
39 13321
80 20147
92 26404
74 46461
91 27787
29 39016
11 30735
26 24201
53 18586
2 4142
5 11905
77 9388
4 30940
35 5135
29 42438
59 6473
72 19520
75 1190
2 24763
1 39900
68 16092
79 28129
82 32878
15 41956
97 20934
90 2816
56 11053
45 6718
52 34059
49 16179
4 14781
52 14959
48 31975
89 29278
78 46502
93 41990
70 14445
74 25771
26 5151
36 31489
56 30175
27 41626
43 29211
22 49571
2 10195
27 22470
