1000
21105 37428 8330 19431 19927 37607 42519 16428 6784 34508 45373 21228 20978 21143 34902 42480 5221 32742 34916 1747 33397 26541 9325 28960 24883 25248 8581 1429 7349 47402 42755 28453 1181 1084 47883 21107 38691 6753 3887 45474 41261 49259 33054 28590 36753 17955 21069 8325 17048 5984 26423 444 48876 35748 29403 40111 10995 4335 41539 18343 1736 34294 13147 2916 1729 11029 40375 40419 17781 10613 2245 25393 9871 35298 3982 12975 19604 41403 21300 36651 13738 47722 3446 12614 49821 32849 2724 10815 37183 44262 45509 5271 44907 8655 8186 46636 36035 14912 3406 20168 25524 5650 45560 1746 7299 15894 14721 43254 23648 2372 46256 37385 16445 49702 16350 16266 48902 19073 27080 36084 29687 22589 7706 24593 47595 15892 21228 33630 47155 24634 3797 22679 46635 15708 40776 20286 47953 5496 13539 37952 7867 9795 25337 24312 9496 41686 40577 24749 27111 34008 10832 6797 22948 18538 31389 20543 781 18969 20524 14287 9954 40672 36965 6588 22731 44093 43225 20684 49588 6764 8635 23807 32910 323 48118 8757 8361 5046 33505 35471 5405 10688 42267 44705 45577 40007 31599 46357 8975 2122 26996 18928 9145 30312 41868 31875 24404 35092 18910 23992 8207 43897 47798 41116 44219 12267 16224 18931 33664 49728 4401 39068 10416 46667 124 5992 36674 31722 18701 12000 33843 45696 30928 9339 26007 39147 41214 411 40590 10123 40754 48797 4019 4903 6264 14590 17169 38840 33520 17184 38567 37921 6251 15334 939 22727 37678 3964 4448 6378 15964 4643 18425 13243 13981 10783 2389 5194 27545 9330 31669 18298 24478 2039 23200 47094 32980 6720 35933 16500 23903 24499 20772 46506 6185 38062 19232 43862 8378 23679 239 24341 44673 35015 3935 8654 45797 22675 30199 39694 32004 28219 24343 6482 30258 47543 3575 13237 20614 39507 46088 44517 30357 33211 7374 36541 21273 42957 30402 29650 32987 46992 20342 27660 48358 24276 2665 10507 46950 32863 200 28953 11082 24542 1786 7691 38436 5360 20927 9050 11218 17015 19918 7927 16577 43643 44467 37849 36599 41221 33850 19585 4564 4191 47244 19274 28466 49908 29780 41767 49123 46331 20720 10204 20872 38857 34246 25660 44217 5172 1061 21786 38538 37330 29712 5115 30972 40531 9315 17570 48103 43165 3506 19018 47355 17102 38291 42173 17009 18070 33939 32483 14400 21010 9038 1624 9867 43283 27283 20435 48455 28343 42220 3344 15672 38284 24810 12995 45166 34125 46916 43268 43641 421 12285 40995 17522 16928 49519 883 34997 33458 33365 15749 4467 42403 17372 14333 35685 11006 34767 491 5700 43339 20187 37723 47974 44996 717 43139 45472 13984 36406 39112 14404 15042 46459 48278 31969 45977 49160 33318 29434 48876 49066 253 41278 32789 30937 43315 10146 15704 43805 15845 25394 13991 3567 23367 25339 20635 16505 20810 34618 19262 26274 15373 655 22732 13650 48976 18708 29161 48645 14494 28037 14062 14746 19314 46850 45682 12628 6995 27737 22785 39191 19482 3127 42757 42848 28465 29743 25704 15627 14360 11317 41900 29732 11972 14631 9734 27299 49690 38894 25943 14183 16930 40004 45280 2596 3205 7314 15223 10199 1402 4359 15741 20884 7486 24849 30083 35950 4591 22139 1576 35302 33455 9827 31385 11778 24457 41118 39076 40499 30012 31370 4681 13293 21373 16313 15888 24577 23626 47463 1127 41379 1821 33219 12262 9306 8067 8697 45256 12657 30835 13183 14310 14289 23010 45695 42419 13818 36812 47846 20668 33175 29216 41701 12820 16940 8013 28707 41517 47990 42521 8995 39368 44342 8566 17982 3647 16632 26678 15254 45641 7512 44789 9950 38152 34150 5644 30570 14319 8808 44768 34987 8334 23983 26687 21153 40922 34699 16212 48790 49040 8732 24137 38407 3073 32702 6388 23072 49333 49417 4677 44973 23280 49465 4923 27784 33614 26918 24705 47933 35725 19472 49271 10411 43454 25957 31563 34376 27007 14126 33165 26046 22858 23653 30804 42282 6354 3544 15353 22039 2960 20030 17011 26240 35846 38285 4023 35812 31555 28727 96 17279 48199 49366 27689 8004 25322 25604 42379 18680 39729 41896 44725 28938 31900 25528 21220 38254 45423 2924 10292 48383 39305 43654 40974 41503 48291 44996 27314 29845 40074 27409 13475 4624 26774 41164 12628 18447 33119 21358 37126 22847 29605 48202 18137 11505 40081 5708 16110 35504 8631 42753 33886 14288 2758 41211 5790 1048 36206 49455 30892 42631 26863 44367 13607 3636 1882 42586 38434 1352 30295 25559 40550 9900 40112 8686 37756 30192 14393 20217 32047 39376 12969 32284 20015 15726 23494 42156 33126 26051 41610 30369 18682 18472 41087 48640 38459 42968 41225 43244 10671 21519 35154 1221 47770 25265 9906 1877 21808 40651 22093 3855 30026 1413 36138 16392 33491 25984 8547 32968 2034 16508 13336 37067 34979 4423 35706 39789 13742 43282 49384 24413 14801 34537 41985 28922 26153 1890 30799 47960 8892 19243 18166 5269 37008 20656 21660 36850 46639 30206 19817 48672 46713 49504 35739 48043 20278 37796 4183 34020 31078 3566 24784 45878 4454 16768 41151 30606 35009 38301 28566 10253 23896 13083 15521 10903 33738 37181 14104 30376 33738 272 29048 46803 49775 31138 11197 20053 18933 31732 20424 10 1649 11559 12239 6103 44678 3390 36708 46038 41690 31625 6290 31937 44708 21811 42839 44797 25343 23294 25173 9080 23565 20572 22234 23340 1709 33431 9744 36993 15162 46519 3355 33162 8077 15593 39264 19106 35334 42324 15143 43376 40300 21433 25312 35007 9595 34503 46156 34937 7796 21328 44016 31361 8251 32602 21052 26311 16032 47147 13303 47545 43665 16657 30706 18093 48602 36322 3550 33935 28645 18692 27310 18944 6476 18974 20303 16070 3476 16458 1006 11271 4137 11374 8983 12387 10327 30034 38697 26358 43532 1999 40254 3548 35008 37311 21640 33609 23632 25189 17543 2276 10233 11205 37572 16708 30178 24226 49130 33653 7035 16487 11275 11171 44212 20258 39909 4538 16643 28605 47247 10175 46955 3852 13722 48314 41163 1714 31922 14794 43254 15817 33422 3486 43373 37345 36546 23550 11570 2027 23554 18604 18513 34828 46126 29077 21437 36034 49966 38080 30990 47213 48254 27944 1064 28327 26258 
1000
40 42226
372 24531
347 39646
483 23145
489 33719
620 12380
406 38410
365 47173
353 49271
347 19490
875 19789
220 28312
876 2864
807 22473
152 9292
869 23416
299 13543
188 41240
736 4645
716 29023
402 7576
337 44687
212 5808
430 35701
542 22916
704 16128
791 43416
279 16924
748 2667
958 43438
205 39251
794 46178
770 47503
500 22333
355 34505
81 39567
253 42757
916 4417
470 42464
379 36345
472 28011
779 24435
710 13262
280 34057
494 29809
60 10589
767 27051
553 38205
537 10536
40 43052
618 11892
1000 3472
241 16871
686 35915
611 47062
72 7417
203 41082
695 12850
259 5912
72 2975
563 7104
154 21131
335 36681
216 8707
110 36224
467 8608
431 728
950 35466
380 2671
84 9635
403 9990
423 41156
357 31605
516 38117
443 49967
423 5940
70 37358
38 7576
634 2757
980 37606
565 744
471 19798
263 40995
18 1772
406 42994
335 26101
608 11161
765 36757
225 20317
283 46633
572 15020
377 43705
633 45993
749 42766
723 266
361 4080
877 9287
282 35183
954 45491
484 10299
751 48360
872 7818
926 36359
675 18636
268 18503
874 43309
366 34191
184 18602
719 20998
615 45284
364 24442
728 4976
158 39592
83 361
11 27112
823 23566
736 29762
120 17694
681 25013
867 39146
454 34301
491 9740
341 2171
168 48674
958 22412
853 10783
110 9673
264 46932
293 22267
730 698
264 24303
64 23904
597 38351
715 36535
32 10630
930 5934
673 40838
8 13420
446 10366
777 32528
310 22403
427 45981
912 41771
389 47690
388 40204
859 46119
374 39003
705 1274
161 44323
952 39771
704 46192
29 49881
300 27729
94 46389
916 41745
499 37222
202 38577
347 45277
319 42465
21 10735
205 24058
60 29879
152 9579
901 23116
886 35312
856 8852
84 8590
318 1236
624 4735
480 40763
336 26539
115 43330
959 43889
353 11813
900 14277
334 35373
603 12104
34 17745
860 12755
418 8286
489 20097
686 12273
861 8572
307 31355
469 27484
375 26138
819 32804
692 35489
654 40777
53 29397
121 2553
8 43386
130 12724
830 35394
679 18341
438 6247
872 27168
91 17123
830 14732
567 15397
886 3298
454 28941
782 43705
481 45497
893 44435
339 5886
623 22366
89 10698
91 26753
445 26918
516 6122
641 49882
357 34387
470 1731
480 48186
835 24037
329 41365
421 20288
785 110
544 2254
491 7029
746 24234
932 40113
217 30834
751 47374
495 44662
543 7267
5 3135
218 27899
436 39827
863 21049
765 10271
910 33191
653 30186
791 29046
427 10548
782 23281
393 48172
6 36065
438 46610
271 3108
726 36933
419 2165
64 1083
909 43988
36 38851
473 21123
665 10153
690 12383
780 20317
865 5480
112 10206
378 31998
62 8504
465 3735
194 1499
783 29087
252 49920
354 27554
541 27667
517 8262
736 2929
81 31990
724 16400
717 19770
601 18503
709 33933
930 36712
567 3438
524 33991
841 33032
118 46717
988 6624
177 9721
387 30341
954 22069
997 20256
597 689
89 4429
198 29320
174 20157
441 32150
861 9234
671 2722
64 30428
811 2546
263 4904
527 41928
649 28602
943 12055
124 5387
642 30248
937 25472
901 10590
909 14377
885 20450
600 20435
668 21325
46 37812
591 8691
236 27109
364 14401
681 10498
100 26243
297 24329
67 14394
641 38772
244 21709
650 41929
305 44144
593 38559
345 7189
865 33544
356 5012
702 35262
370 22298
699 24938
787 27086
328 9379
59 7238
983 41624
396 46125
185 32624
552 10991
134 32835
745 47209
749 36078
974 13089
100 15614
875 23681
978 48154
443 29597
682 32676
54 41229
819 10009
984 8464
589 2801
776 14731
721 5125
959 42680
888 47206
636 42055
143 10636
249 35609
289 39595
748 43476
72 5266
294 27190
770 46105
465 12699
163 49588
741 40448
531 42103
227 20516
195 47251
809 1538
592 3082
70 10444
404 48735
329 22670
145 21692
309 42428
617 5568
24 13954
653 20738
678 40488
288 14167
269 5418
933 18818
420 3495
32 5480
913 9580
23 14976
710 4982
652 48778
821 18390
817 10148
716 30130
435 46785
522 91
579 37087
605 4199
968 4218
387 23873
720 1901
732 38158
738 15103
78 48644
626 34112
890 43787
528 47629
776 19710
191 39344
480 39843
934 26626
64 36354
904 46864
81 47669
893 32872
124 6819
976 31612
715 24855
850 42713
177 26792
931 9827
455 42418
127 15458
154 31583
777 44670
647 39985
338 44062
925 34062
730 33242
465 8357
175 19623
586 33588
794 10151
215 14300
444 14643
470 12391
808 10726
183 48276
858 33287
308 13688
673 33987
48 31954
15 46362
603 18973
681 14097
71 28419
358 8856
358 17656
308 3151
146 4572
315 22103
828 24967
242 4474
112 25362
50 19452
438 48419
724 42722
83 31485
809 29091
187 35038
808 10490
697 43257
264 8166
316 21054
977 41923
25 11813
779 25291
117 46852
214 10021
824 228
999 11263
336 49261
97 28074
164 25770
159 30258
99 350
958 6967
132 42795
200 3574
496 42799
964 22176
819 9521
372 7742
114 9935
514 44937
199 29937
549 7864
938 42886
8 8998
607 43101
803 12166
484 12705
851 36112
685 16967
118 2050
225 35181
53 47081
174 4395
681 17424
713 5288
576 23547
410 34911
149 13477
474 33699
152 29156
673 28080
136 2954
417 43157
475 28986
35 45102
634 2592
672 21611
358 7686
461 37198
485 23038
584 20173
436 10412
888 44346
44 15584
91 46361
792 21195
500 35115
623 14279
264 45917
370 21098
689 40650
613 4003
688 39713
910 20970
7 19500
673 35746
157 6943
288 11108
43 36397
757 45683
230 20485
599 39901
179 40081
997 16574
671 13795
444 9718
720 27711
775 49408
377 41759
259 27036
133 30736
30 17283
742 25290
686 21669
351 37784
620 10794
46 16932
13 46570
143 21225
371 9361
79 17165
876 22166
574 49150
909 45002
38 8302
389 2167
449 1170
811 9418
438 30542
677 20848
994 31141
72 9296
217 15039
615 21436
797 1712
876 3985
151 16227
376 30103
105 14076
729 6284
802 13494
663 44118
887 10602
143 23826
673 17325
465 25819
466 42666
57 12888
324 23683
394 26671
8 15120
346 10621
724 23158
585 13073
357 32180
673 42313
782 10510
112 26687
512 22669
345 12254
425 11537
202 4809
696 5890
924 28258
281 18371
490 21317
290 18288
797 31187
260 39013
544 11381
45 29968
477 33216
902 22827
847 27940
546 26766
302 18191
351 10970
211 8855
465 23398
769 29135
803 24745
384 41610
149 15092
456 17180
912 49760
727 7999
214 14956
134 36555
495 17468
585 15980
522 21040
361 15238
92 39872
622 31571
57 43908
652 21390
999 10212
303 44387
566 18499
258 45759
757 22829
785 14336
891 11323
142 8270
602 31737
128 5726
963 41123
347 17488
410 11406
314 26968
709 8819
30 40317
704 44059
558 44332
442 12621
450 30815
151 26551
225 39586
855 12393
129 49366
443 4808
283 13256
95 42405
162 9629
948 12504
674 25475
792 34008
66 6703
387 16847
467 40623
790 40180
730 14916
853 32940
332 20954
671 18708
515 5812
67 8113
869 35797
777 16161
16 37031
857 31076
83 49042
744 11000
846 43149
123 39482
662 23665
932 37912
203 46391
697 25785
844 32534
697 36719
184 34358
507 23763
275 28052
434 14635
711 17643
684 10291
290 27145
293 38779
261 15488
504 36768
679 7922
664 10435
571 11882
767 20712
431 13414
772 15464
578 18614
17 630
616 28205
199 44451
93 27326
471 28882
12 8734
221 41115
882 12272
545 29724
511 18913
146 7209
272 9081
495 24264
79 1702
667 36618
599 11657
213 49684
486 35214
892 18411
644 31578
311 33362
828 47655
279 30884
959 35062
326 12823
383 33469
902 17471
734 30655
356 47748
365 47813
821 19023
58 4315
528 32033
795 45543
120 18419
132 30438
444 33782
665 25312
373 20722
897 41624
444 47050
520 36279
933 345
92 22605
769 15641
663 48808
122 12589
973 36072
614 9002
420 27767
556 25085
866 11904
215 35352
73 23531
506 13939
988 5969
600 22949
646 41859
815 25532
172 4089
249 17584
172 42186
257 22370
723 41145
263 26222
306 25143
398 26171
522 10172
54 40612
902 33946
267 47911
211 48241
451 14866
397 26856
297 37265
848 47921
106 16545
266 35020
516 34715
936 2989
483 44130
652 28594
765 47880
843 14525
471 5170
80 42096
336 4737
954 40290
498 46786
402 42702
622 47146
42 5250
621 47080
146 35307
647 15488
969 9081
26 15481
360 12621
145 42790
311 34554
1 25615
703 33742
32 33336
473 49008
710 23881
378 13227
476 48683
114 17419
725 25096
935 10259
692 23724
204 32903
523 39717
859 18916
469 39020
986 29521
263 46470
157 44041
48 3646
526 8982
208 1109
144 31255
673 7035
482 44609
868 17749
472 5416
318 6911
979 47028
943 193
564 28189
710 35763
584 36549
589 20972
617 11093
74 39989
449 18494
748 8633
667 23592
201 48420
520 14148
915 39420
682 23992
19 40584
128 42012
201 3313
75 12691
240 27910
881 37659
751 46180
168 39849
342 35176
160 43617
560 24441
212 25826
325 18112
531 21731
74 8591
174 36564
576 49444
756 6302
992 48776
37 8183
193 34583
763 41917
117 27295
470 33282
250 22810
250 38981
806 26810
273 2813
895 37482
72 35156
719 2969
764 45245
898 16646
421 21520
54 3242
824 24809
725 8246
540 34938
572 31193
2 14361
341 27821
982 17603
767 34498
979 32255
410 27662
630 34402
998 5480
126 15745
616 13896
137 3898
707 49669
914 21312
250 11783
976 9805
517 40821
993 13329
284 10209
706 5975
581 34050
711 33036
437 21990
469 8692
437 13435
682 15946
844 28052
721 10818
129 48550
684 1986
143 4730
902 19659
340 35011
220 46895
869 46623
672 39925
313 7449
790 8735
426 23101
535 39610
556 8214
266 46568
737 41751
652 30338
675 5866
947 33335
994 43169
180 38849
743 2333
307 23399
675 4963
763 45978
712 18987
88 40904
513 38490
703 44974
894 2420
170 32968
657 31630
847 821
156 44684
852 30794
994 3501
185 16031
781 21736
50 37491
820 35456
794 38164
67 4532
373 29233
207 9579
351 6075
395 32100
729 22520
693 35051
86 33928
721 23848
348 33938
320 714
801 15884
374 22101
908 48202
365 3193
76 44701
934 31783
361 33448
875 14492
943 36063
583 11269
671 43023
950 48275
474 8757
694 41670
735 32173
56 25365
465 47535
88 1429
973 21372
425 48452
234 11401
200 6358
849 37947
9 17074
694 143
165 48943
569 7365
473 20115
784 2042
566 41518
882 36871
757 48621
401 14347
70 12845
648 3726
126 34494
203 24234
180 26325
751 44403
545 2540
835 4444
808 37710
176 47755
149 44280
797 2311
181 16714
335 19031
377 39938
134 48087
812 1798
644 46781
14 16937
614 9846
601 49545
