3
0 99 3

2
49 50

8
16 17 15 0 20 1 1 2

10
0 0 100 0 0 0 0 0 0 0

5676
195 9 113 9 23 3 4 8 6 0 128 6 94 3 10 38 9 3 52 13 10 7 195 2 9 4 11 1 6 46
9 2 63 3 46 8 1 8289 4 7 9 60 1047 0 7 436 88 142 8 1 169 8 39 78 103 11 17
98 5245 9116 7 75 10 4 41 4305 76 89 6 4848 4 7059 82 4583 4 10 4 174 49 8
192 39 34 3 107 9 1 3 176 8 43 8 7 5 5 108 3 156 1945 168 142 187 133 6 110
1 56 152 9 5 178 171 1 134 9171 156 190 158 4 3 114 4223 132 62 5 4 6792 5
7802 5 9 131 371 160 2 8 9 8 29 1 1 782 2 127 1 8 188 7397 149 10 3 176 9 1
5506 51 4 2 179 40 2072 10 5 7 82 132 10 29 13 2 8581 7 11 4 136 6 140 106
188 9 4 17 11 137 67 160 9 2 8 121 4 168 7 28 23 162 1 6154 8700 175 9 164 9
5 6 0 177 88 3 2 178 208 7229 97 5 4 3 95 2 4722 143 8 10 169 4 125 89 2 35
25 5563 66 10 9 0 178 124 132 54 9 5 3 2 10 162 18 1 120 8 52 4 1885 79 6 4
5 148 159 163 15 0 6 29 3 8 7 179 54 2 5 1 4073 137 3001 5 5 1 4 148 61 10 6
193 8 160 43 54 16 3 893 20 4 6 5 123 202 18 9 4708 43 182 65 3683 138 87 8
9445 1 0 196 7 4 6758 4 9 7 111 142 101 5624 7 2 90 5 8531 7 152 4 185 44 41
37 7 151 21 187 4 9 46 10 53 158 43 6 4 146 2 122 5 154 113 5361 94 23 74 3
70 201 7 68 46 2 58 9998 0 10 6 5 158 46 103 182 4779 109 4 8607 90 11 6 4 7
162 175 43 200 154 69 4 186 11 6 139 140 2 1 163 7 4 6 5 9 112 5792 3 43 158
109 6591 1274 86 0 128 186 134 5 55 151 2 20 122 44 4860 9 134 5 185 8 8295
169 1 0 54 84 5 169 2 40 4 3 147 10 8088 9 118 9 9 2 84 2 127 151 4 157 11
162 4 190 97 0 85 130 165 8 199 8 36 4679 199 103 2 57 2 7108 76 8 170 1514
8 93 7 6 135 203 140 10 13 94 8 0 146 10 14 4 3727 59 6497 5 152 5493 151 5
2336 8831 114 6 1 17 4850 11 47 48 8450 9 5 146 9629 2314 9755 41 791 0 32
35 7 189 153 3 2 120 2 7 7 168 112 2 9 6756 156 4207 206 141 143 9 55 8365
512 2 9 3 12 152 179 9 26 132 63 9 11 8 6 10 80 201 3 4 3 73 2 6 2 4 1424 1
171 193 11 46 6 887 25 84 205 1 6426 69 185 10 8326 4 116 6 97 61 195 7859
168 160 200 121 8 6 31 4 32 4 9 0 184 59 117 6 5704 909 42 2718 9 0 133 3807
5 0 1 5 2484 54 9 964 5543 2 8 8 3845 4 2 9 5 42 68 12 57 118 28 19 3 112 0
9305 7 7 6 3 2 2 4670 0 8082 7 7 0 49 183 6 7 2 6564 82 1 14 124 184 7 8 4 3
4 5 8 4 3 7891 114 5 5 162 6 8 99 7067 5 118 160 20 60 9 9 7 9335 7 5 2 48
92 6 91 4 305 1 160 4 67 8 11 179 6 4 3 74 1582 6385 71 38 4457 9 2961 13
101 64 104 6 25 4384 96 8 62 6 8 9150 7671 4 7492 6 139 203 7452 8 3 1 186
114 2454 45 1 198 9 127 54 77 5892 6781 105 7987 68 5 120 5 156 6779 5 9 2
134 7 6 168 8 381 7 50 9 106 82 145 9 45 43 41 9 80 9 133 10 6 4 9 139 6 66
8508 5655 871 72 20 174 1 20 8 131 9 1 2 168 8 4 2 10 7 6 6193 145 25 3 108
3314 8 4 28 7 9 2 46 6 8 1 102 23 7 161 0 8 1 6 32 62 2 33 10 94 61 44 7 9
151 3 1777 7805 9309 4063 173 2183 2 9 9 99 19 188 185 16 170 3554 10 27 4 5
206 4 79 7 4 3 159 0 130 142 2 9 137 5978 19 161 3 136 8 45 2 140 150 33 157
9 7571 9477 0 0 193 113 5 62 3 19 3301 194 69 5774 84 18 1 6 63 9 9 5 2727
10 9 9 6 9 96 11 79 6228 3889 37 4 202 87 82 75 189 5 9 154 9 178 23 18 4609
25 14 151 2 158 2 8 6 147 46 12 164 80 86 5 73 123 195 8 147 11 32 19 9043
20 2091 11 7 192 196 131 5 6 51 96 3 6 5 116 2 6 57 5408 203 1 139 3 8 9 111
3 41 3 72 23 5103 1001 48 27 6 195 8 12 6 8 4 147 10 4141 8 139 126 49 96
144 68 142 172 1 6 3 1 2 5432 199 27 9789 59 33 2723 61 86 180 100 0 4 7 3
41 4 9 4 6 10 2 6 6 3 8 199 2 78 2 10 6 5 3125 3 19 6442 49 120 55 135 49 71
3864 143 192 113 1069 9 5 4 6 4452 123 11 5220 63 145 745 97 5 123 3 4175 2
47 6 992 4 5636 9 4 10 3 7 166 140 2 167 8912 25 2 6 4 8 3 105 0 74 9889 12
94 5498 174 196 8602 1920 9542 7974 3 0 196 60 8 8 880 5 1443 8 1 5 4 7 3
161 3 1 6 135 7 3 1 83 59 4 194 171 9 10 8 5 5 9939 104 4 2 5 5 5479 9 47 4
2 4 134 77 9 8 6 45 0 2 2 4 3 160 10 116 8654 6 6 126 8 2 40 9 7 12 6 9 14 6
83 5 8 10 2 174 6 9 48 2 10 69 67 6959 47 8 9 6 140 3 9 135 4437 102 9017
164 8 44 16 5 3 6 2 819 4 7 103 176 110 6 5 146 96 259 7 1 3 81 89 7 195 4
157 160 57 8 5 3 6 84 186 133 2 6746 8 7 53 3 7 3 149 9 95 201 55 11 148
6940 9 5 12 5 10 5 10 194 156 11 125 4546 80 9 5 6 3 2603 7 8284 6141 8 6
197 96 3 153 10 4 25 9 2 6 65 7 0 6 10 117 4 48 7 35 5 9 35 10 5318 2 4 5 0
196 6 154 172 7443 14 8 196 5 189 132 1 21 22 6 2 3 27 22 84 65 2726 11 167
3 13 1033 67 49 39 175 93 160 183 4 6 63 139 6 10 128 152 75 63 38 92 2 167
163 5 3 106 8 7 161 167 2 3 53 88 82 9 3143 1566 105 1 8 6652 6 2971 49 7
9615 123 6 6 6 7 7 4 795 1 182 6 5 7 7 118 53 6 88 9 405 2 2 184 7 148 6 8
11 165 8 0 7 0 78 123 2669 1 45 48 6 5 32 6 163 136 57 118 75 7108 115 36 81
2 151 180 2829 18 4 143 5 153 163 117 8 24 8 70 183 165 8 146 117 34 201 10
61 182 113 128 4 4 1612 56 121 4 1 150 100 56 3 4 1919 8 8 180 7 129 8 6 197
30 108 90 106 3 120 22 1352 2 6770 10 158 69 37 6 2446 7 52 10 0 160 181 9 0
7784 2 1117 8 7742 1 165 150 3845 9 136 191 4 2 2883 9 1807 9 2 2 4 6 4 157
3 9 10153 108 9 5799 1 186 4 8 180 123 5 2 51 121 51 31 5 7 2 7 7198 6989 79
47 175 51 3 5 153 3 5 1158 167 9153 178 3 11 132 4589 6 3 0 5 2 7 1 0 192 40
201 35 3 3 0 6 0 4 147 117 5 98 144 2 69 7 4 10 35 129 3298 82 5535 9 31
9287 186 153 22 9 46 4 4 9 111 203 12 5583 141 10 7 134 7 5 8 7 12 7 119 8 6
111 160 11 8 8 1 113 4 9 40 1 2630 61 3 205 121 6 1 0 2 204 2 9 109 9 127 2
192 3 10 10 8 191 150 172 0 42 28 21 72 77 200 7 11 128 1792 4 5 1 114 191 4
138 169 7 184 8 18 3 185 95 82 2 2 8 6 3 4 113 8 5160 56 179 6036 166 176
7668 9509 2 9 88 9 3 1 2 7906 40 9305 91 86 8 2 3351 4787 143 9 7 199 15
5249 109 3472 58 8 1 6 188 9 140 2199 5 102 6190 7 6 5 4 7 10 69 4 1 11 10
2626 199 6679 58 25 4 8206 4 146 99 136 189 121 180 5057 6 1 198 161 9027
7918 185 9 46 17 6 7464 121 2703 7 4 117 6 1529 6397 43 45 153 122 186 0 19
5 0 8951 85 6 106 204 4 9 503 5 11 1 75 3 0 4757 9 77 3 2 94 3 172 66 41 61
204 11 92 3 184 113 2345 2 1574 6 4 161 8 106 56 5 2 3 61 9 5 80 33 3214 18
3 63 178 70 4 4 105 6 25 23 4 34 41 6 3 1277 91 179 10 2 135 3 84 2 90 502
165 166 75 1 7 7 198 10 36 8802 81 37 149 118 6 6 3 98 189 73 9 879 10 5 8
132 2 112 4 106 2826 16 5 122 9 3 13 45 1 2 58 160 83 5 4 132 2 2 1480 91
140 72 0 6 10 82 145 1688 173 128 208 1641 9 23 0 7 6 3 34 7 165 112 65 3 4
168 176 10 10 57 2 10 98 5 182 6 54 8 72 8 7 162 3 138 9821 7 166 207 5009
4057 3 126 3878 26 26 5 14 4 93 7 0 4 4 690 191 76 1 6 3 7 788 6 6 2 84 2683
49 8 63 8 9 2615 9 8663 6 9 100 189 1 4 55 3 110 7837 71 11 2 2 118 7 7 8563
179 2 167 0 71 201 60 148 187 11 1 81 6 5 1 5 7448 142 4 137 7980 84 2440
126 139 0 4 5 102 9 5 5894 2 156 4 2326 1 82 6 9 121 8 6 5 156 27 4 95 32
208 0 189 5 15 155 5 75 146 154 173 1 9385 3 1 35 2 55 7 8 31 3 56 97 147 9
11 6 1 6 6 0 73 127 147 9 156 150 135 7 2 87 36 10 9581 9 7 4 9 1 83 165 6
190 4 1 1038 2 6 8 108 129 8 0 185 9 1 136 180 7884 2993 23 11 9 70 4 128 2
114 94 5 3 107 8 105 5 4 93 3 5 190 48 7 8034 6 41 6 5 7 52 5859 4 39 5 5 3
4653 27 192 5 62 184 4 17 7 1199 8 173 165 88 2972 1 109 201 89 158 16 81 2
88 9 5857 4 9 194 1 5 66 117 2 2 180 53 1 23 6 196 4 90 186 6 2 154 6 6 2 60
8 2 3 116 10 107 9 181 74 16 110 2 14 195 4 7570 55 10 122 133 7763 3 173 7
6 83 105 5 154 6 139 7 8 8 4 3 38 7698 4612 132 156 5 123 107 6 175 6 88 3 4
124 145 73 8 6 3 1020 116 21 9 3 7 95 70 8 120 6722 111 159 75 108 42 16 88
85 34 3 1 199 92 4 206 5 6293 8001 10 19 32 3 0 1887 7 1 1972 7 1 57 31 0 1
75 95 175 5 4 9 6 195 40 201 620 106 126 140 2 5 3 5 359 34 9 109 19 158 137
31 8 124 2 23 112 7 98 52 8 7 56 170 158 4 3 0 31 93 81 2 4 47 56 4 3 2 173
187 93 201 76 7 2 2838 549 40 8 34 91 3 151 171 125 163 14 8 6 5309 178 35
79 2845 1 41 29 2 42 3 5 0 4 0 7 3 95 1 50 3 6 8 7 3521 6 6 5 1466 0 4 95
113 5 187 8 433 38 152 2 4 146 5 5 24 101 33 6 9 173 120 7 10002 7 120 7 165
4659 177 184 101 9 130 3 2 90 3 5513 193 6999 182 78 95 25 153 148 3 85 135
84 7778 5 8 0 9 45 1 58 7 7 7 56 3 26 7 4 10 111 0 7 8124 95 21 162 178 7 9
3785 4 3 33 1 9 6841 104 173 165 4 5 9 10 7 1 10 88 4 8722 1 5 1779 90 8 3 6
5 48 151 8 8 26 7 3 2 2 8 158 198 189 7 174 95 83 4 2 7704 4 3 35 5 129 9402
11 4 153 37 72 24 10 88 13 100 167 31 4460 8 145 111 17 3 194 147 49 6 147 2
24 174 22 4 2 7 191 8801 6 7 197 14 94 5 6743 155 4 6 5 4 6 0 2514 2286 164
7 187 143 153 10 151 8020 83 8 420 80 59 5 5 117 88 128 193 2 10 20 67 11 9
3 9480 4 118 76 1 78 6 87 178 4 143 8 9 8 1 2 184 94 59 4 1456 143 9 102
7435 8 7 74 183 88 1 2 3 4 2 11 9 9226 197 3 38 2073 5 1 4 9 7 5 4 7 9 8 9
69 7 6 146 14 1709 141 16 1 2 10 6 9383 73 41 2 6 135 5 153 725 134 63 9 53
8 8 8029 7 125 141 173 84 6 7931 33 92 4933 8 138 157 69 171 47 610 32 10
118 1213 8 2 75 1 134 9139 7 10 3263 5 106 165 8 6 5 10 129 8 6 3107 100 135
5 38 6156 31 5518 94 10 23 4 8640 141 27 21 7 4 1 4 9 4929 6 1 45 3 7 117 3
9 63 36 9 10 9942 7 6 161 2799 27 9 7 5173 2 9 7 2417 10 159 2 3505 9 127
7499 9839 70 4 155 9344 9 39 89 191 0 4320 172 16 49 5 135 1 3514 125 132
162 46 3 3 9 10 6 3 2 143 9 167 165 37 115 133 145 116 606 6 113 8 6 3 8 4
96 3 1 22 131 123 143 9 40 9 6 3037 145 31 4 54 15 1 40 176 169 2 162 90 7
173 197 167 1 24 6 9787 9532 9 2 85 10 151 34 111 0 8 5 90 7 13 168 1085 4 0
151 9525 161 9587 119 195 8076 71 27 190 3 9 7 11 834 6 8754 2 2 3 76 77 12
199 161 96 7 1542 112 5 4 0 8 120 125 0 65 7673 130 9389 130 9 188 8 185 4
142 161 162 34 16 99 5 78 116 125 6 8354 14 3 8 68 93 0 55 6715 56 2 10 5565
150 8173 126 164 5 5 9 16 70 41 176 155 5736 100 164 126 6 48 188 4 4498 120
76 128 9 13 2 6 4 1 44 8 133 3 3937 11 11 0 1 168 122 9 6 2 186 8 175 123 8
11 126 153 89 5643 197 8120 0 4 10 2 89 1 144 9 123 62 9 9 180 4 6 3157 120
4966 79 10 114 5 12 967 9 7 3860 9 182 5456 146 10 1 61 6494 80 88 27 3647 7
4831 4 6 101 1 6 130 35 6 192 208 151 190 3141 96 106 1 4 139 296 7 145 6 3
9 9953 5 7 6 0 0 1439 5 6 7053 1 159 1 58 109 5 10 0 79 0 88 7 98 47 8728 73
10 134 4 30 10 130 136 4 5 163 124 52 438 200 133 10 160 98 5 99 8 90 146
7711 9 6 165 172 189 55 6 9 1727 10 17 31 83 150 4 103 44 114 7119 7 205 10
6 7 9 205 76 6 6 145 9 4084 28 8 5 5 4445 1 200 4 148 3790 7 150 1 117 188 0
0 116 117 9481 9 254 113 8 2 55 4 3533 2919 6 78 7501 76 9 4 105 5 133 9 118
830 99 13 101 3 5 2 113 40 8634 25 200 2 47 14 7 65 124 1240 9 6 117 5 171 4
9365 132 95 8 11 145 14 1 116 9 7 1 4976 9 902 59 1253 9272 46 8633 9 148 43
9 189 28 8 3 2140 3860 9 6 2 11 149 3201 54 4 31 90 7 9 2 123 1 8 196 109 3
4 8875 187 11 75 8 8 3 5 7 9 3 7 22 54 87 5841 6 3936 136 73 10 8 6 46 50 7
57 138 6 1 28 73 1 7759 2 8 5 189 67 58 4 74 122 7 3 159 497 32 5 199 10 9 5
205 42 76 141 189 9 97 4188 3 7 183 50 9 161 4 7 1523 8137 3 7 49 6246 2 184
4 7 8 48 10 6 2 172 58 187 8 10 94 174 7 110 20 4 5 2 109 29 167 1800 86 188
51 102 4 8 122 1412 1 6 124 62 49 10 4 8 9 7289 186 103 67 61 6 4 40 26 1
186 112 102 52 18 10 9560 87 8 1 8 8 103 79 4 127 183 4398 39 30 10 171 74 8
11 22 9 177 6 112 3 190 8 6380 1 10 3 7 8 4 1220 9 172 5 4 133 194 1 5 2023
2 12 9426 170 194 5 46 5 102 5341 21 6 145 4447 5877 7 8 4 599 72 168 68 4 9
1020 1 114 9 7 122 113 22 6695 190 2 8 194 54 390 2 137 87 167 8 41 19 7 63
6052 144 60 4 6 80 6 6386 183 6 5 4688 0 179 7 105 73 150 10 3 503 46 2 9257
4 178 2 2 120 2210 99 1725 4147 7384 5 194 3 10 46 10 105 1 5 32 127 2 8 125
1 9 44 127 5021 9 192 126 5 4 9 128 13 19 3 8 7013 38 96 114 1 50 9292 54 2
3 10 166 2 3 170 115 6 102 171 3808 171 0 4 4 7 1 154 1 6 7 97 0 11 772 2 5
198 96 10 11 2 7 6 72 7 10 60 5912 13 2271 160 2 19 0 2 6 0 7 3 7 4 6 20
4662 4 9 25 1 5 4968 9 9 3 149 9 8 9922 198 23 92 3056 6 2472 123 135 5 8796
1 0 9308 60 65 8 200 3 8 6 138 8 2 79 70 0 4 7 179 10 2 64 8 8 166 123 90
140 45 8 182 119 82 5769 8 2 84 4532 5 6 66 16 4 133 107 131 67 169 11 3525
52 7282 9 9094 7 92 7 8 175 155 8 2011 35 3 52 6 5 35 1 9 10 7 161 119 138
10 6 7517 118 203 47 101 5 9 90 26 549 89 89 5 111 114 134 6757 1 4 7 1521
74 4 7 92 62 5473 4 200 4775 7 5 8 132 9 60 27 1 3 171 7 139 5 105 176 0 188
74 5 6 4 42 31 6 99 124 31 5 148 62 8289 116 160 12 8 40 48 45 198 178 57
191 127 45 82 3 1 3 2 128 4 8 190 80 107 5 88 55 64 2 54 5632 26 115 2 152 7
1844 8 6939 1 67 19 2 9593 34 10 2 2057 7200 4 10 8810 2 185 43 4 105 186 3
7548 133 162 62 160 6 2 1 5 50 39 2 6 20 33 103 161 163 3821 165 118 146 8 3
158 7 9 111 5158 6 5 192 36 186 9 8 7 107 44 170 1 202 9 8 84 7 118 5 169 80
8 2 7 10 1 126 5 145 8 116 133 50 150 8 3 56 146 9 8114 75 1 5 8 49 91 3 3
176 68 7 99 7 51 10 7 8475 57 9 9 51 106 97 162 10 8 12 66 63 8 132 291 157
1 9 63 56 6 168 7 8 4132 32 2 95 7 1881 68 195 6 87 9 5062 1 82 7 4 7 137 75
6 8 78 6 1584 3 118 4 138 6 2 6 6 2 0 7 7 180 6095 8925 42 124 9 131 4 7
3271 109 24 115 6 7 7263 86 7685 2563 5 10 108 8 39 7 47 7 9 9 44 3 0 188 10
5548 149 2966 158 58 13 2 0 197 7 9610 2 10 9 4 9 108 6964 6 144 143 2 3 29
0 4 10 47 8 157 9 175 0 0 27 9 9 37 7355 151 32 195 20 195 76 189 8 0 4 3 15
119 120 153 4 194 9 21 93 8 2 4 92 12 3 3 58 6 3 34 8072 148 8 3 8 140 7429
146 1 1 41 129 2 184 10 9 142 199 2 2 8 9726 9 83 7 4 144 145 112 133 2164 0
38 4 9 188 11 2 3208 193 8168 6 4 9 139 146 1617 8 1579 3 12 5 19 8892 6 6
145 5 6 3 5 5 83 4 10 2 26 96 7 2 69 6 177 9 46 4628 9 2 133 4271 4 167 9 1
6375 154 7009 10 6 20 4 9 59 34 6 4 5 1558 6 194 5 1 10 9 7 97 109 7356 81
119 3 8 11 8 1 5 9867 4 5 99 150 1 82 6 181 9 7 9 80 17 5 4 88 156 9 72 1
164 1 130 7 6 160 10 9 179 2183 128 4 118 3 2 23 110 6 4 52 7827 1350 1884
16 7 140 113 57 5 86 103 2171 32 30 167 2 9 2488 76 3 0 151 53 140 198 407 7
10 0 11 3734 190 145 9 6657 1732 101 8 144 86 4 4 1 184 138 186 148 6 7 1
205 71 9716 7076 13 6 9 8 58 3 26 199 157 78 5 8 13 160 134 2 7 7 3 10 112
39 31 69 23 2826 1 7 9343 3 9465 3 2 6 8 124 11 137 171 131 8 127 33 1 74
170 118 10 8 2 3032 71 52 113 2673 0 144 7 8 0 119 17 0 9 6 58 15 145 1 2 9
6387 200 5200 2951 9 143 2 2 161 2059 10 2 8 8 48 4 4 0 87 201 8939 76 62 40
130 129 105 80 4352 18 160 3 9618 11 101 109 1 5 146 52 1852 2776 4 64 112
45 0 192 5 5 175 182 8 122 6180 198 37 6 3 2469 69 2 7 49 4 9 44 4 7 151 41
56 3 99 4 181 95 0 5 4 2 6 139 12 12 0 0 1 201 10 1949 166 201 8 173 8 203
10 65 7014 7 7 1 98 9 10 3 40 181 3 7 88 136 9763 9 46 0 6 43 4393 3 12 163
1457 4 7014 10 20 4 5 9996 9631 9 21 7 172 167 92 1 14 8 159 179 42 1 6161 0
8 142 4 7 100 196 8 6 41 10 9 150 22 7 161 37 5 7 502 183 5962 54 6970 5 60
4 100 140 29 76 120 177 18 0 5 8 10 5 1 3 6 6 4179 146 2 4 9 4739 4 10 9222
4 35 58 9 8 30 8 1 7 37 2 9 22 7378 60 3 60 3 10 5 43 10 8 0 7 8 11 6044
9462 10 7 4 10 1363 113 5 4089 141 70 70 3788 4986 7174 7 2 5 8555 101 65 55
5 52 56 86 43 5 11 135 6 23 164 113 78 149 9 105 105 3 24 9 192 9 1 7 8 5
142 565 4 88 93 105 98 205 7 26 120 141 10 3 133 109 5 7 3550 5447 6 88 6 29
2 2 64 7 2 151 4205 4175 8 91 164 1240 20 186 4 7 5 14 64 45 163 0 118 62
115 9 2 2 178 1545 2 6405 75 8 9 19 44 6 5603 4323 8 2 137 6 175 199 3998 7
188 10 2 73 5 10 110 11 5 1 5 11 10 13 8 1 96 152 10 4 112 8 8 168 4 198 50
6 9 3907 121 5 7 1975 1 175 2 141 126 1 6758 168 9 0 151 66 984 152 138 18 3
140 405 120 8 8 9 50 37 185 9 128 12 69 49 18 100 3 2529 30 167 5 6 132 2 3
179 5 132 57 121 181 6604 100 82 149 7662 5 140 6613 25 6 172 5 9 5 17 6 6
5767 3 4 10 403 8 0 5 161 20 80 92 2 6 9 13 9 7455 17 5 27 161 181 8910 10
10 69 100 6037 1 7582 7 32 2 20 100 8686 8 34 1830 111 4 110 26 4 7072 190 6
16 2214 1 6 5 149 3 56 6 10 2244 41 16 25 7 45 241 121 119 5624 100 2644
1354 179 28 183 168 9 9 68 147 78 1 174 105 37 20 5 3567 108 2 63 191 13 3
4444 75 41 6 3 8 3 4 4 52 2 5693 2 8 181 207 4 204 11 5 3086 115 10 1 27 13
152 5 114 36 0 4 27 138 5 73 107 1026 11 120 17 69 151 5421 92 37 5 1 4 7 93
193 2 2859 66 5 131 10 8 2 76 3 11 8 6 9 7 5049 4 7 34 149 171 0 2 82 428
5699 7657 82 9 2 4688 85 191 5 133 10 5 39 10 6006 9 5241 2 10 193 4 8 1340
70 102 160 5 11 8 0 4047 93 1 2 8 430 6 2 52 8998 203 7 125 20 6 102 9 198
2668 9 156 15 125 118 206 7 9 64 8935 50 138 7 5 7 134 3 5 111 85 91 7 159 3
34 6308 10 120 3353 45 110 15 2 16 187 46 80 23 10 126 82 1 4 195 78 4 50 7
155 9 18 4 6 1550 10 8 36 1 122 107 4 157 53 5 6501 10 7 7 4077 4 33 3 33 21
9 41 1 1 4 77 7941 122 8 6 3 7 5 2 140 109 83 5 4 133 4 10 9 145 196 78 9 65
137 8 3 88 2284 8 55 153 9 125 8 7 4 68 151 9 3 2289 93 109 10 2996 2 5 2 5
5322 117 4 8713 2542 171 8281 9 49 4 114 10 4 180 201 130 3 0 5432 8820 52
10 1 15 4 9 90 172 9 11 6832 8 5 137 11 145 117 6 4 169 183 23 1 31 3438 43
2 13 7 3 169 205 4962 121 86 4 84 9 150 3717 62 1 113 190 49 5 120 76 147
762 175 4 93 207 7 9 11 154 6 3229 17 3 0 6 7 1929 5701 9 9801 140 171 26 5
5 20 2 623 11 23 21 7 50 3112 6 9 5 8 7 3 1 99 11 208 8 160 161 69 7 9 25
127 1291 1 182 141 4 6 1470 154 9 7 7 8 11 0 9558 4333 6 9 62 6 1 6 119 80 0
4 6 157 1 45 8 67 4884 6 8 0 6 7 1 170 41 3860 142 900 9378 8 4 2 4 137 1
175 0 2314 2 5 2 5169 8 9 9 9 150 2 5 0 9758 9 228 202 135 200 77 3 174 3 5
170 1 53 7083 2 187 4 2 5 7 173 0 1 1 110 88 15 0 1 125 2 4124 4 77 50 145 0
5 134 8 0 2 3 55 158 68 9 7 8 1 53 60 8 3 22 142 14 8 159 8 189 86 133 9 9 7
71 3 5 72 91 1481 74 42 48 9 3 1 6 109 185 39 141 184 111 6 9 5 34 2 6 5 16
8811 153 171 21 86 8 129 7 5 3 143 4 10 9584 176 6 118 6 2 7 4 9 97 101 5 6
152 5 9 7 3 44 9 88 7 7 127 9 9 8 8771 8 0 7 12 2 171 7 157 23 7 8 36 7 5
180 2 70 136 173 57 6 3166 6 3 9 17 4 188 5 1 7 191 6 1 9 4 134 9 145 60 184
8 10 197 201 74 3 29 120 0 190 145 9040 6 2994 116 0 2 33 35 3 129 106 194
10 31 5 5 8 10 9 8 5 4 6 6 44 6 9 99 7 87 159 7 88 6 163 7 6 2 73 7 187 7
157 88 165 188 2 5 7 9715 3 53 11 2 2 4 83 1 168 1 9 159 7694 4 11 7 2 5
3205 581 44 5 5404 0 2 109 7 10 8 10

297
2 195 0 135 4 10 10 194 63 5 88 0 9 6527 58 0 10 5 78 10 29 7 79 7 2 167 3
24 96 9 70 43 6 86 5567 155 10 4 6 197 6 182 8 34 3 60 8 94 181 10 5769 6
115 2793 85 39 4 2 119 188 10 6 180 165 3 180 149 182 2 140 53 9 47 2 47 43
50 204 5 207 9539 4460 10 143 923 5 10 152 180 4485 6 1 60 15 548 10 9 45
112 202 160 185 3 3500 3 1 25 8557 7 4599 10 147 114 0 149 141 60 6 1 116
112 37 7 7780 9 175 9 6 2525 75 9 96 0 114 8 149 7 128 4 2590 9 101 4 14 73
6 145 182 3 9 142 2 4 2532 55 111 1 10 7 4 8 168 200 34 1 4890 42 44 163
5964 8 4 1299 143 183 1 194 7086 6 8 7778 66 7 6 1 5 186 9 106 158 4 206 138
4 10 9 70 181 194 3 29 9 97 12 3018 15 6 5 17 50 8 6 59 34 2 0 7 91 1 2089
21 52 149 9 671 0 3 121 92 55 38 26 5 5 2 6 51 1 128 6 1 9 6 67 14 9 4 41
142 99 2638 44 20 3 11 1960 176 99 8 173 99 166 6627 133 148 2 1 7120 39 146
1 82 200 149 2 3 132 7 4 2 3 8 4 75 4 66 98 70 19 187 6 181 44 178 156 117
188

8114
7 1 1 7 4 8 143 100 35 171 52 24 10 8 189 19 6 4 0 1817 7490 3 10 4 10 8 128
100 136 3912 8 2 151 65 1 120 3 184 66 114 2 11 8 200 6 7 8451 124 80 11 1
62 109 6002 8 6 1 7 4 109 1 89 38 201 6 130 117 68 2 43 189 151 7 5 2 1 8 0
7 59 111 8 44 34 200 6 9178 22 4 3 9 6 4 9 11 2 4051 5372 8 1 6 143 17 5 13
114 186 99 9 73 69 3 4370 154 108 9 2 10 9559 11 170 7 180 3 188 5 6681 6910
29 7 2 6 22 147 3 186 5 91 9 174 171 6 195 2 12 9 10 6 52 8 175 43 5 102 65
6 10 40 31 4863 5705 9363 4 164 2 6 24 55 9 173 2 4472 1350 140 658 120 6528
9 7 28 97 25 2 314 6 86 2950 3029 2 1 45 0 8 56 9 195 6967 99 66 6 4 7 9 2
113 2 4 183 70 5 4 3 5 2 5 180 196 118 6 101 2 183 48 120 150 99 12 33 59 4
171 9 26 6136 5 89 23 105 127 1 152 70 3 0 126 51 36 3 907 3 187 1106 2 9 2
8 37 1 173 24 9 106 597 7 4 6 7781 6 185 3 201 120 5 7 184 6 2107 171 2083 4
1 2 79 4 97 97 39 4 152 2 8764 104 135 3 109 32 188 8 6 181 7 8 4 173 168
174 167 77 35 69 7 408 3 30 6 2 1 147 0 198 3 191 9 56 83 2 145 8 198 3469
174 103 2 19 110 8 5 8933 3 63 170 5 3 2 6 7 22 185 9 98 5 8 4 2755 3 2 7
3930 4 390 14 4 58 8 9 154 5 92 1001 128 169 66 69 4 4 97 106 90 1 10 89 11
758 8 8 9 27 200 10045 199 8 3 8 10 6 6 7465 10009 69 95 6 181 85 1 115 2
140 42 10 3 168 2 9 182 173 7788 10 29 49 3 14 493 5 4 16 1291 9 6719 3 2387
4 107 56 101 1877 5 7 133 4272 5 160 169 32 134 42 3 6 10 8090 3 7 162 19
177 5 202 523 5 115 6 175 8 11 1 169 10 187 8203 105 49 6653 6 5312 109 161
7 109 4036 2 6 127 25 168 7785 6 3 5 1 4 136 83 8 96 2 182 120 8515 134 181
58 4930 175 6 98 8 87 3924 3 9 206 151 2530 2909 128 4131 117 9 94 7 154 163
107 7 317 6 3 104 189 4827 5 8 63 11 5 21 7 1 76 25 6925 49 0 43 105 1 55 3
513 10 8391 2 3 56 37 7 175 5 0 9 0 138 107 170 60 146 181 7 188 7 3 1 8781
190 5454 3 1752 6 5 8 9058 2 113 3 74 9 38 113 8 2 6 52 120 4 54 159 8150 7
260 4 1 3 179 21 9576 9 3 1 194 8 163 3 7 16 4 118 4 33 6 2406 8 8893 5 1 5
115 5 10 7 6 823 9 2 6 9 10 75 7 1 105 414 124 663 117 59 180 6174 8 98 96
7312 4 168 164 4 137 8 4 9 94 8 10 68 2110 8 175 104 1 2 5599 6 10 132 20 42
114 75 104 3219 55 4 201 4600 7 54 3 200 6233 7 3 9 47 11 9 53 70 38 2609 82
2 98 1 11 3 143 7 4 6 7 1721 126 86 8 2 176 199 165 9 157 7 70 90 7809 202
90 1 2 182 9 6 60 9 129 8 2 3557 10 63 4 78 106 7 133 7173 158 5 33 30 29 11
4 1 1776 208 7 6 9 141 6 4 9 102 9 170 6 7445 8 93 3 61 1 4 167 2 90 6 5 82
190 9 5041 30 6 5 87 7 187 100 5 83 2 175 138 16 188 1527 6865 198 0 128
1985 8 2 2 133 2 7 4 74 3 12 3 6050 4 159 198 9950 2 7 37 9991 11 1868 6 7
78 6 11 8 475 116 1 119 169 1041 2 188 5 51 149 2 111 5 4 3 97 4 103 6 180 1
9 29 205 88 147 9 4 5 181 52 9225 3 195 6 10 9 179 42 66 198 8 104 1 5 8 59
885 111 1 37 12 125 10 134 3 13 9 26 107 8484 3 2835 5 10 188 134 6025 5 192
46 113 3283 3 143 123 187 2 7 93 57 205 2285 147 6 1 169 10 6436 2 8130 7337
5 100 108 122 5 138 5933 78 6 141 2 5 7314 8 8 1 113 10 6 56 4 7 5 33 9514 8
2 141 5432 126 8 3 190 4 7517 2 70 7067 8 10 6 80 7 192 108 58 8 60 80 5 9
75 7 67 10 40 9 31 11 2 4 6 8 3 166 8 8 7756 6 2 2458 12 186 3 3 6 94 163 5
172 103 11 3 3 103 8 2182 116 5 7 5 74 3 59 142 133 100 6 2 57 9676 157 9649
12 6269 4 7 81 4293 1 10 181 4 38 125 189 4 183 1 12 24 55 166 115 60 96 4
52 9 3 90 4366 203 3982 8 10 10 15 10 891 11 3050 6 2 2482 8 41 20 65 96 30
10 9 2987 6 3 99 8 1546 9 79 23 4 8 154 3241 5 4 9 7 150 9 9 10 139 164 1601
90 201 8 103 3 9 172 2 47 9 1170 7 3395 72 5608 120 4703 1 3 8 61 7812 10 6
5 187 2 1 7 3231 42 2 3 3 49 1823 10 12 3538 7 4 13 4 28 8 163 1 6 106 7
9947 8 1279 29 1046 2 7 43 44 8663 3 4627 136 160 5 3 7 5992 10 28 1 113 178
4 52 127 107 29 7512 3 85 0 7535 2 6762 82 45 9 37 10 26 8 117 63 38 3 74
103 7195 1 16 0 2 6 23 30 3 9 417 52 7 5 1766 69 3 7031 6 168 88 151 146 184
7 3 8 48 7097 7 2 108 1 7 185 30 9 8 33 7 47 9 10 8 70 157 128 5 11 145 9 9
6338 57 84 7 107 5 1 9 3 86 119 154 96 9 195 5 3 62 8401 10 49 4 200 4 5 10
10 3 122 5 8 420 3 9 93 10 8 3 15 136 55 2 89 17 3120 9 55 5 5 8 3846 12 2
18 75 117 8736 7341 3 98 4 2 8 11 2 107 202 5330 70 7 6 18 9402 0 149 109
159 7 158 16 7263 42 11 188 301 2454 3 2 6811 3 165 4 189 7 20 16 22 47 3
127 8979 8 167 4 4 3 10 99 660 2090 7 2 7 8 4 114 7 2129 7 5 7 194 11 6 39 8
0 11 39 11 16 3 23 39 4 4 2 2 36 152 9815 2 4674 127 89 4 6 1144 9 7 7 8943
7390 9 171 3 38 9263 202 147 147 12 5 48 6 26 46 111 5 187 169 2272 10 89
6545 9 45 32 7 185 9 56 5 53 12 1 3 6 204 5 6 2 31 5 1 9 74 12 6190 117 67
41 3 74 8 152 1 26 109 4 6 4 122 9 9983 2 8 5 28 6 5 137 8 7 9 195 100 6 30
3 2 6 128 131 53 4 1914 11 6 73 1 10 6 3648 7 5 9679 8697 4 84 193 193 6089
6 8962 1 14 5 88 89 9 32 2 3 3 112 147 5 6 2 9 3 110 5189 6183 1 9 68 185 3
3 167 4 9 35 159 189 11 10 186 3 3 4 7530 4 9 131 146 8 18 115 5409 7 182
9701 7401 3 7470 10 2 9 9272 1 5 36 6936 7 58 72 84 8116 9560 8 38 12 5 9 25
138 1 9202 151 5887 11 10 152 7 2378 3631 151 5 105 5 5 5 8 3 170 4 105 6
4330 9 7 3 1 7 46 129 2 21 159 5 108 28 160 62 12 3 4515 4 160 7 176 103 4
180 9 8 61 6 71 4 6 172 1722 63 4 139 4720 23 1252 10 175 4 95 4 11 4 129 20
163 67 10 171 2 9 2519 176 112 112 7 165 4 80 11 161 3646 36 2 201 179 10 3
9 3 3 8 4 45 8 71 201 37 5 71 185 147 134 8691 30 6 78 7 3 1 9 4 9 158 7
7040 9 9 10 3634 4 100 28 188 1 9 0 2 42 28 5 5 7 169 17 167 20 8 2 4 2 29
114 9 125 8 8 3 79 5 12 6 2 8 76 0 2 2 3553 2 1 6 2 136 193 976 78 7 8 6634
103 8 8 189 164 169 1 0 9 5 203 7546 2887 64 3 5 22 5 10 1 3219 64 144 10 8
147 4 2 1 167 3 144 5 12 135 15 122 33 2 9 93 118 657 195 4 151 150 191 6792
170 3 6 8307 7 9 28 113 4793 62 3308 30 5 138 2 9 4 163 2 193 7 0 111 140 7
9450 5 141 10 7 4 6054 1 3 8 3 188 7 155 5 2990 2 5135 60 0 9 7 41 7 6 158
56 114 31 4 178 83 160 4 80 3 143 2 8 9 34 208 8 44 186 33 9916 90 180 6 1 9
145 4 5189 7762 73 116 9 4 2 6 143 6 7 5788 42 202 1 8 121 2982 8 44 6 119 7
135 7 7 152 3 147 521 97 100 3 93 6 83 6554 7 2 50 9 3 5601 144 128 154 36 7
0 7 176 2 8 8 61 7 10 178 10 8 10 198 3819 11 7 4 167 8 31 8 52 200 201 97 4
42 2606 69 108 44 1 696 4 6 4 85 8142 20 2549 56 8 5 50 203 2 5 7 45 3 3 180
47 142 98 9 29 9 160 95 71 7 19 2 159 145 0 8 7 2437 2 7 10 7 8773 3 129 11
10 5 168 5 196 183 9 19 49 128 6 113 162 2 164 4 21 4 16 11 116 8 1 2 148
198 9 7 6298 139 127 122 6 178 9 23 140 9488 134 5 150 4 169 4 11 6 116 62
10 7 192 10 59 8 3 6 126 2 9 50 206 195 61 4 2 124 86 5186 93 3 8 7924 9 0
83 143 1 9 176 17 3 135 176 5 5 7648 3107 195 6 194 6 8 2 64 927 6401 4 5 33
122 191 194 160 145 5 10 3 157 123 14 8 9 26 4 85 3 7 194 164 134 88 6 67
172 93 129 3 2 190 8 1 115 10 99 10 113 1892 35 70 125 3 7787 2 95 9 1713 2
7 2 30 56 61 7978 8 7 1 184 9 9169 202 8 78 10 7 36 938 2 94 106 84 174 6 7
0 77 86 132 10 126 58 159 41 19 168 5 149 152 8 15 6291 1822 0 5 8 2 0 197
11 6 3 28 198 8 6 10 171 1 2 52 10 2105 63 8 22 8 204 7 12 154 6 153 3 165 2
2 1 2 63 4 163 74 173 9 175 172 200 38 5 113 174 3 0 198 5 3 5 131 3 8 8 185
27 4 6 4 2 191 1 1809 1 142 1 100 24 145 2 118 5 191 4 142 0 154 146 201
7700 9 85 3 174 4 172 2692 9 61 79 128 11 142 7 2 1 7 102 67 5763 6273 162
143 9 198 7356 82 91 90 575 3166 18 4216 36 8 8 177 5227 94 102 5 5 8 2 8 9
9 0 35 7 103 83 5 83 6 4 173 7 209 10034 1 86 7 5 180 4 11 6 7 57 5396 5 8
10 7 2 4 11 6 144 2 100 40 8 7 2 9 2059 9 8 2 88 4744 137 6 72 4 7 12 2 64 3
8 11 9 6 5614 3 2 177 62 9609 9 4 3 6 9 9160 4 164 5021 9 33 2 6 65 77 8 3 1
70 3 5 6 8378 150 7 3 4 133 9 8 121 5 1 382 5613 143 12 67 9 20 6646 2 114
110 9 8 5833 48 9 8 7 4 10 83 2 150 4 206 8 7 0 8944 46 8 40 86 6211 1117 6
106 11 127 10 99 145 4 198 55 6638 83 5 5 6267 5 149 1 11 55 8729 5971 0 3 2
163 4 6060 5 9 155 5 3 140 29 110 134 105 44 188 1 172 9 35 5 3950 9 2534 7
3 4 8416 3 167 159 96 6 89 140 137 58 189 7881 10 2805 110 114 9124 154 1 1
5843 9 178 9 9150 9 75 9 7006 8 4 7 2 173 2245 4478 3888 194 18 2305 15 2
125 379 119 9 27 9 113 6 2 7 3540 11 1592 2 173 380 69 6 8 103 124 151 2 64
8 3 8 36 47 176 4 7 0 86 14 179 7 29 10 162 50 67 7 56 3344 111 3 0 2 179 8
7 2 4 36 765 88 12 10 146 26 2 420 7 131 8 189 9 129 5 171 103 6 6 3 194 3
6548 4 70 9077 1807 2 9 1 2 87 3 146 114 10 183 9587 20 9 32 41 28 0 5 7 8 7
5872 166 3 3 114 20 7 187 9 141 145 4890 163 27 116 167 31 6 107 7014 33
8654 72 52 112 9552 2 3 34 7 11 10 6 191 12 5 160 4 5 4 2664 83 9 142 8 7 27
71 6 7 1 206 28 63 2 84 187 75 40 49 174 10 148 118 1881 5 33 1 1 105 184 8
2 8 67 9 3 3 1 72 144 159 6 313 7 28 65 191 203 188 4261 5164 52 43 4 3 2309
122 105 96 27 200 130 8 71 3620 133 116 4 46 5 193 6 179 7927 7098 200 148 3
194 95 148 4430 3443 54 93 141 177 23 5 20 199 81 3 2 50 132 202 4 2 6 8 199
4 159 108 118 200 126 2 6394 3 2000 2 167 91 4 5 2681 7800 66 11 180 156 60
2 164 1 7 4 44 81 6 19 112 49 136 45 165 4 73 7 3 5 1 2 6 63 0 6 6368 5 4 57
4 1 966 4 8 4 4 164 2 85 5 6 164 3 2 7 82 111 190 486 71 17 11 7 137 7 5 146
124 3 1 29 178 5 3295 6 121 1 196 72 7 6483 265 6 140 144 9 4 1659 183 6427
3 9 188 139 60 10 32 2 59 111 2 4 159 156 80 2 33 10 147 3 9 8703 9 6 1 149
5 123 8 23 7 194 81 7 3 5 2 6 79 168 3 4 89 126 7 8 1 199 4 184 2 113 11 74
7 4929 4 12 195 112 0 5 2 26 2748 9 7 109 123 3076 165 10 6 114 8 5818 7 131
105 176 4137 160 9 98 128 8 178 88 10 6 1 7 8 3 36 10 3 1 8167 152 8 8 1 154
3938 4 120 61 123 162 159 10 7 6 7046 2 4 154 173 177 5 75 72 5776 1 79 42 5
70 8 173 0 4 9 188 116 105 4 9 137 6 9 146 7 88 160 42 7 2 167 3753 201 9
193 117 167 59 99 7 179 7 194 49 2 9 2 6340 2 8 21 4 5 8 6 8 121 9242 13 11
1 96 94 11 134 14 83 52 72 3192 70 7 174 3 7 6086 21 111 9 8 63 86 64 7 159
6 51 1 89 95 2 3 8600 2 8 20 5 172 174 191 5 129 2104 3842 8 109 1 5 5 10 3
15 59 1457 18 8 188 9 199 30 76 4 8 76 198 7 29 136 9 202 168 57 105 8186 5
93 132 2 58 9689 103 4 172 79 9 2 86 7 45 6533 149 65 3755 7 4 9 10 9303 7
62 4 148 6 3 5626 6914 8 126 142 55 9 10 33 11 5 4 7 5 1 1 9 199 173 5 77
132 6 4 140 6 9 5589 3 1 2 5 6 19 9 7 54 4004 7905 3 129 4166 156 162 8 149
92 7274 11 2 10 181 18 2833 8 6 4 3 6 992 53 6 7 43 154 8 997 2 3552 6 3 1
132 143 5221 0 65 0 24 1 8 10 80 7 0 127 55 8964 142 141 7 115 185 3 8077
195 14 4 9 2 175 103 8655 4 165 25 4732 7 6109 135 133 3 5875 120 137 4500
1077 3 7 9 3053 3 89 106 1 10 3 193 2 3975 6 8 7 10 141 7 41 126 8 2 9341
153 139 9496 82 58 5 23 3 14 184 3837 9 9 3149 53 38 0 162 27 2 54 112 199
198 128 5 167 8 7 92 177 5 6 10 4 4178 583 5 28 8 205 97 100 4 6195 36 116 8
7 66 5 9 9 6631 7 9 35 4 7 77 38 1 2 4 39 4176 9 39 9 96 115 131 9 0 6 1 2 2
3 2194 74 32 13 29 2 7551 142 136 112 96 171 5046 29 192 103 3 8 13 193 7 8
31 4 6 63 10 5395 151 9724 64 62 59 130 1 11 2529 4 4 114 3 2 172 7296 0
6842 6 7 99 92 170 4 180 181 11 7 202 100 86 4 189 130 6 189 38 5398 1 9 17
0 23 96 56 172 61 130 4 3957 193 154 136 167 74 121 82 120 10 9 93 7 5 8 92
3 8 199 67 6 2 183 7 114 7 195 9 142 3 90 7 2 120 10 10 11 8210 7 4 7 3685 3
5 28 9 8 4340 107 2 4 61 4988 67 4 0 102 17 154 5 17 8 46 75 182 29 1 63 87
125 6381 5 5 58 4 171 3 5 4 144 95 9 84 29 7 9 6971 91 128 149 176 120 9 0
85 3 24 1 8 157 105 9851 10 8 137 196 6 1 731 0 4 105 116 5218 67 1 99 6 165
2 1 41 8 49 1 4682 182 8 5 702 7 1 184 2001 8430 194 5 2 156 112 47 146 3
1899 3836 33 38 113 10 1 49 143 94 15 1 183 13 1490 7 8 7150 2 37 5 18 7 4
1186 84 4 1 65 1 5 4 1537 3 4 8 72 33 1 1 5 125 198 2 27 35 153 19 118 161 6
7201 3 10 5 8 9320 182 52 8 1 191 1677 114 11 9 4 6 0 3 3 197 7 13 3 8 9 37
9 102 18 174 1 35 35 5 3521 567 13 3742 173 76 93 158 3020 6571 79 129 6 208
100 190 2 8 192 200 4 2 9 118 206 364 2076 1 201 200 2560 4 6 1 5522 4782
4386 802 61 3 3986 3 134 9 202 100 39 93 18 152 1125 3449 2221 3 5 2 196 135
104 7578 39 6886 123 4 167 69 100 0 2580 6 8 3 3398 6 158 5 122 8 4821 4 77
7 1 21 50 8 102 151 100 5 2 24 6 7 1 4 9 5 955 3 49 8 5570 6442 1 9614 6 61
121 111 148 6488 23 4 7 5427 7 4 9 6194 5 3 105 70 11 3 2785 0 5 8 130 26 8
3 111 7 189 11 6 3 61 140 82 3011 9 6458 6 201 70 3 5 60 2 39 36 11 5 121 5
191 11 192 8 92 3 145 199 2 166 164 101 7 6 3004 80 1 0 91 32 7159 91 196
114 6 57 6 0 0 10 39 9 9 42 53 4268 41 3 3 152 168 29 104 79 3 9 198 153 14
92 9542 93 7 11 157 10 7 32 186 171 64 90 112 3 191 167 4 38 163 31 5 177
188 5855 6318 98 57 22 6191 5901 108 96 120 106 3321 1019 10 1 108 177 85
138 10 5 49 3 0 37 89 3 156 41 69 10 9644 181 12 46 44 8 64 0 3 44 88 30 188
103 9 90 18 6 0 10 1 35 6 86 148 169 9 5571 47 6 3145 7 3 4 3 7444 6 8152 78
1 9 110 10 160 2 8 1 201 2 9 1 50 6 4 7 78 167 6289 6 20 33 1074 8 134 15 4
119 7 141 168 131 6228 20 66 110 191 8 7 2 16 169 182 8 16 7 3 195 87 1 6 3
25 5215 4 161 40 8 8398 9 199 137 6 91 55 181 3 2 38 60 199 5 1 10 97 1 4985
5638 3 83 130 10 6096 3338 2924 50 127 155 7 172 28 167 171 179 11 179 7539
8 8855 2 7674 8 8672 6 151 2 194 6 1 9 66 11 4101 9 5 2 70 10 6 118 613 7 35
122 48 6 9 8 5 76 5 3 35 3 94 6 89 10 90 64 6833 27 219 63 7 85 9 7 9603 144
10 3 3 73 7 9 6161 92 44 1172 7868 5620 79 198 6 10 3 9 28 16 52 41 12 1
3313 2 1810 201 2 7 8 148 6 46 45 0 2 155 5 1 3 3 94 1120 5 9 135 137 5 168
106 28 151 11 1438 2079 9 3826 40 0 101 19 4 2 3 141 5309 9 65 131 3351 166
3 23 22 80 8 138 90 7 92 11 1 9 7 70 3 5 167 104 7 4 118 9 144 5 4 1324 106
1 63 154 3 10 7 5 7 123 8173 32 14 9 5 101 44 8 7 4 101 3507 46 2 14 5779 5
184 3 2 165 181 1 4 53 101 102 7005 7 108 5 10 2 182 1 3 177 1 2068 105 8
202 9 144 6 7568 3 117 3541 89 3 49 6 110 2 158 3 174 86 8995 2885 2 9 1 5 7
7142 183 2 69 9 2 83 2 8 8 173 46 121 5928 25 40 27 75 41 6 7 9 96 119 6530
7 9 9 114 6 195 3788 15 9 2 9021 9388 8444 116 187 3999 8 133 46 4 191 10
8986 9 189 3 4 3 135 8 7 7828 7 3 7 6 152 80 7908 6 153 8 206 1283 7148 163
2236 11 8134 10 147 2371 145 120 133 5 9 7 175 9705 5840 19 113 5 3 97 8 4
11 5 7640 86 15 1 7 9 5743 89 0 16 7079 2 2 8 5 137 8 100 92 142 1 7 3 4 11
189 7 8173 100 4 58 1443 1 45 122 97 81 6 3480 2 627 95 5 47 8616 948 129 6
5525 5 12 70 53 146 9 1 6 29 162 6 12 109 183 6 10 172 5 136 195 166 1 9 2
6561 4 168 9980 8 0 153 38 6 10 177 147 11 4 145 2371 1 1 200 56 3408 104
118 75 9 5466 84 181 187 51 4767 160 8 172 7 26 58 34 4 90 200 10 1 21 158
102 8 8 9816 4 31 173 95 3 2 8 119 9 8460 11 52 8 101 3560 132 7 4234 6 82 8
100 3 8 5 116 7 0 123 175 9393 7 142 2647 172 0 2 7 6 9988 2 6 171 48 149 9
59 781 5204 33 167 10 127 54 7 9284 81 3 4 87 46 2 1153 183 2 8 48 156 1179
3 9 4135 7 9 163 5 5 9255 53 71 169 6 124 11 163 6 8972 175 6 70 9 4 9 5537
179 8 4 3 2993 9 108 142 9 7 7 170 9 9539 176 5 7 2 3 5308 124 4 9 5 16 1
487 3 8 9 166 7 51 4 179 75 1 9 68 6 46 6 5 24 8 1 112 5 9 160 4 10 8 202 7
41 112 3 9 47 2852 7546 157 6 8 129 55 61 3 9180 11 0 98 97 3 86 104 39 7768
191 1 2 144 5883 193 7 106 100 7 3 7044 3 103 8 11 146 38 3384 8 9 1 28 3 4
144 185 147 9 5158 182 127 146 4 84 148 7 178 1 37 6 2 5337 102 11 170 9 6 4
7 3454 4 10 95 8 2 7 19 5 9642 42 10 144 106 3 4680 65 5 163 47 121 3 112 8
177 3 6372 0 4 5 63 9 63 8 5 3 50 172 155 195 5 39 36 6256 1 3 111 5 22 4 24
105 10 10 165 4 10 165 4 3 8 49 40 8 125 33 1 1 8 6 62 5 140 5 8 152 5 0 43
101 462 42 6 7494 100 79 47 0 1 5 78 2 56 6 81 3 78 64 4 140 67 7485 188 39
2721 4 4 203 80 60 6056 4 39 8 8 58 9 7 9 1500 8633 199 4753 1 195 141 8 132
154 2 98 12 99 129 1 17 3 123 2541 0 118 5 133 144 54 195 195 195 71 3 7 161
137 194 19 9210 8 1237 6 479 6 2584 9 136 207 7 46 126 2 5 10 4135 170 9 5
72 5 89 9 143 57 4 9 174 4 2 3322 142 115 60 7 8 191 3 8 70 5 2 2 179 5 155
9 6145 52 33 2 5 89 8 63 58 45 10 124 110 144 4 22 6097 194 6 146 3 99 9250
3 80 6 4 3 4 11 5 8 1 22 49 190 2 8105 194 5 198 178 9 3 153 9 1733 46 127 9
9 11 9 82 9 6719 1065 178 4 41 4367 7 10 9 146 171 152 2073 197 63 16 5 38
92 7 159 110 10 7 154 67 8 187 4 194 16 5 420 6 3 1 75 3 163 3 5 71 80 107 4
180 6 11 4 106 47 71 162 158 11 2 19 8244 4 21 1 16 5200 183 84 166 194 130
9 27 15 2 7 9 103 8 159 47 1 8 3 7 8 337 93 8595 20 3 82 1778 5 8495 162 5 1
1 2 173 4 5 107 230 148 6694 7 7 169 8 0 65 2 2 45 130 9472 4 189 172 6 8
178 3 7 194 197 10 4 187 7654 100 13 6 71 2945 134 189 707 10 83 171 54 179
160 7 193 3 3 9 125 167 9729 3729 177 3 3 153 565 11 8 26 87 191 7 57 4 6
138 1 2824 134 195 3 7 40 195 8 6232 95 3937 140 177 70 5498 55 8 22 10 10 6
153 109 0 11 159 6755 26 6 71 2 8 7 144 108 1 7513 149 125 156 5 1468 60 43
9 557 4 8 182 4 61 5863 85 7542 92 2 5 152 0 135 408 2073 4214 130 3 18 5 22
1938 5670 8 115 146 348 170 6 57 6 36 50 4184 8 86 60 158 3453 4 3 70 94 6
146 12 182 10 132 110 183 8 5215 34 2 5 7 9510 72 6 6 92 45 8 10 5 202 181
31 10 6 2 7 201 9 6 72 1883 635 174 11 28 17 4 4629 165 2 153 5 3 175 6 11
15 234 4 7787 49 8 5 140 2685 1 5429 184 8 8371 5 186 189 45 2 49 7 34 153 7
4 1 5351 120 2 99 202 6 83 198 1 9 19 9 9 4 192 0 111 9 8984 5 5 96 7510 172
11 21 8 5 3 127 10 5240 123 6 156 4 199 5 4 9194 4385 89 10066 10 9 7 6 89 7
58 38 8 8 121 4 2 10 147 7 8 4 203 110 5 99 8 176 6 9 76 112 99 104 1 67 193
2 11 8134 54 1 12 3253 7 1 157 115 10 10 1987 28 4 5924 1 142 6905 104 2 8
4078 8 8208 30 161 7 3 93 130 182 141 0 10 3 88 2529 197 4 1 8 158 164 11
126 2 52 144 4 340 6 8 190 5 48 4 8 2 6 2 8 171 9 8 140 7 1 1491 1 0 131
9198 8 1652 192 93 22 166 2 162 2 8032 4 78 8 5 9 2166 886 63 9 17 3 6311 5
3 16 5 209 7906 153 142 3575 3 136 7122 21 79 9 5 7863 176 60 118 8 157 90
10 146 11 7 165 203 124 117 592 4 32 20 25 48 160 147 5703 135 4 8 6 24 9 10
3 38 522 175 159 6181 74 97 78 1501 7 131 3 3 179 1 4 132 112 4 142 9 170
4843 64 4825 87 66 83 156 10 3463 33 5 9 930 7 8723 67 8 202 1 85 6036 33 3
2 88 5 41 4522 6 3 87 6 2481 10 9682 8911 4 4803 22 2 12 190 32 131 157 2
148 10 1 7 9 3 2 114 8 8 131 14 10 145 79 6 6 181 52 9 5 6 11 6641 46 149 22
11 1 9 7 7351 4 2 3 101 124 10 6 3 1 68 2 74 4 164 13 65 121 8 20 8 7 3 1 44
125 185 125 11 114 108 9 6 148 5 3 97 139 2 114 3 15 10 8 2997 6 100 5551
2391 206 197 3 62 5 1952 65 171 10 181 4 6022 7065 4 6 187 3 8 11 8390 2889
7 4 8 101 4 57 60 7737 8 24 66 9 39 10 22 67 8901 128 4 173 11 168 200 48 6
8 101 2 5 189 9 147 9 5 58 5 201 7 88 9 44 8 9027 9 9 11 10 208 5 0 110 9
5813 133 128 6 7 204 173 11 5 37 192 5713 27 22 192 10 184 87 126 114 8 8 30
4 4041 158 3 44 2 106 3 93 5108 109 100 5 2 111 9 4299 106 78 2 6 5 10 7459
42 34 191 9903 106 9 9979 180 176 2 30 168 12 8 33 106 2 98 5 5 9 195 194 92
9 164 5831 25 8116 36 7 109 180 5 202 95 18 45 3 4 916 9 180 35 8 43 9 2 3
109 73 80 194 142 5 8017 2 117 18 5 69 4 156 191 95 194 4 36 182 2 91 2 938
106 161 5 4 2 6 169 4933 4 6049 8558 4 588 1 117 3 185 6 6 6 111 4 191 27 6
2 95 6826 187 132 3 143 5 170 79 71 3685 1 87 9 5 36 1065 4 6 202 25 11 2 4
80 7 53 24 5 102 4 66 60 9251 8 115 0 52 10 96 3 4061 10 45 3 7209 9364 74 3
5 167 3 169 7 8 75 202 40 10 4035 49 102 7 107 98 189 9 8 2 64 1 12 123 2033
3 4 190 160 5111 5 6 96 8296 138 137 12 90 113 124 186 64 3 124 91 4 1 106
32 8 72 198 10 139 40 122 8511 183 88 5182 121 5 71 6308 9 65 3 7 197 194
123 63 29 16 23 8600 9 7 117 2235 2 129 36 81 129 118 397 159 114 78 1706 6
9 162 8 3 4 9 90 83 3 1 205 52 29 2 3 29 8231 66 2 9 3 4651 63 32 5 91 52
3861 3790 1118 78 5267 47 172 195 9 23 60 5 6 113 117 178 6781 1 1 4948 49
67 170 7 0 0 8 4 1 5 10 8 5 5 4495 7 7 90 180 2 50 2 83 6 166 69 5 1540 186
1 103 4 5082 5982 151 5428 16 60 3 141 185 4 5 193 6068 120 2 54 2 117 96 37
162 8 179 4 4 8 6 6 9 139 2 33 9 98 99 176 151 189 9 196 129 4218 9 4 9 13
24 164 36 1 56 10 191 2359 5 7 1723 174 3815 1086 50 23 3126 189 65 7364 8
4305 27 116 117 49 23 9 3904 13 1 9 101 48 173 8 104 1 0 6 3 141 4 6 142 7
101 197 115 9 180 33 3 192 86 116 7252 5 1 55 131 4 3 40 3 6699 39 2 120 7
107 8 10 6 125 187 17 130 2 143 6181 68 36 190 10 125 8 176 7 8 29 2 85 200
11 126 172 136 62 6910 1 6 23 7 98 183 3 8 181 86 0 120 173 76 168 184 2391
2601 10 199 7 2 84 9 3 7 0 5717 9 6 9 196 10 80 8 8 6 8167 95 4 3 7656 4069
164 4 7 2 164 9 5 188 132 138 1 2 1 8 8 7 157 114 8 7 162 8 10 1552 10 40
9069 7 173 9 175 6 186 34 4202 7 5343 7 8 6 84 4 8 6398 144 194 109 1 6 6 33
104 1654 175 143 122 64 75 55 8 10 2 8 6123 0 155 171 4 36 205 35 5724 7 3
32 105 3168 175 119 1 22 152 192 8 10 6 3 2 10 7 1 3 187 3 1520 174 1 140
183 20 5426 192 69 130 8390 6 42 7 8 38 5 6 39 180 6 9573 162 8 114 8 206 12
137 146 46 41 19 163 67 171 5 155 62 5 5 9 3538 10 42 106 145 150 19 18 7507
67 2 3 10 25 197 4832 107 5 3 4 7 8 6824 6194 3 7744 8548 4699 1493 169 2585
2 68 8 2 2 6 9 6 138 3 8 0 3 4 6 2 3 52 8 165 124 9 5987 24 9 79 159 9 10 7
7347 2 19 65 111 40 8066 0 432 190 7 5370 167 156 8 139 5 82 142 9 190 184
169 7 5 2 1206 6 8 8 45 11 8130 4 106 5 79 1 115 63 44 70 72 8692 147 4271
27 169 9 14 41 163 1 8 5982 4072 125 5 59 8870 8 3986 8 30 10 5 7275 77 8 10
1395 4 8 92 9 5 9 0 3 55 7 31 5 5 4 7917 45 6 121 72 193 12 4 5981 49 1 3 6
83 11 4 90 9 5275 157 141 3 171 4 4 91 87 5 139 2 171 1467 205 5 8 21 42 140
3 43 5419 9502 160 162 13 34 52 2 46 6154 97 2 66 5 8 178 9 1 55 4 6441 431
56 183 103 7182 4133 121 68 197 191 124 10 45 3 175 7 113 3086 6 11 3 62 100
32 9 1629 9 4 6 149 3 1 205 112 110 65 142 2 162 40 188 18 2 8 94 9846 9 12
121 6 63 5372 31 8 141 200 174 112 156 5 0 4 84 5 5 6803 193 10 88 172 183 9
133 6 7 140 8395 176 10 10 133 99 5 177 9 69 22 1 7664 6 9 181 1 27 1 192
142 2 9635 177 194 8 63 43 7 6 8 0 167 273 6 6 2 3 6664 74 33 7 9 383 7106
10 170 126 10 5034 74 9 86 1 6 2 173 9 8 52 6 167 5 9180 92 2 36 205 8 9232
11 7 9 9 1 109 4 34 9 361 5 11 60 66 73 10036 169 7 2 167 10 1 89 189 131 3
8 79 3 7 136 93 68 2 181 5 0 6 180 117 3 5 11 172 94 72 171 9262 71 5208 125
7 6 8 7 6 0 96 8 5 65 4 113 9 2 1 8565 8250 5 5 124 6 104 6 113 142 2 6 204
11 1 9 131 59 2 1863 38 4 4 20 144 6 8 0 2716 9 3 95 9 18 7 18 4724 149 34
70 2 5988 4 9971 3 3 115 26 4275 162 5 10 63 8 25 63 147 5 12 15 6 71 65 141
4 193 201 88 134 5 152 3 5896 1 3 8406 47 194 2 0 5 7 8 177 131 89 9 0 53
4797 6 81 113 5484 0 88 135 114 11 190 1548 32 3 7 8983 4 5914 145 111 6 9
76 10 136 103 1989 198 122 149 139 107 8 186 3 3 35 2 143 69 1 195 5131 175
58 31 2 4286 4068 8 201 7 8 8 6 4 9 81 52 75 120 8 43 196 5 9 0 47 8 4 9 108
3 58 2 23 124 51 85 8 10 0 4 8313 5 7768 6549 198 679 157 177 5023 14 3438
159 196 9 97 1 206 7 188 6 30 120 122 6 69 139 2 2 7474 50 6 5 1901 1 3 2
127 113 7647 8 198 8 116 128 48 0 160 2 4856 134 39 149 5 116 6 2 3 1 34
2849 5 191 6 185 4253 0 6 8 1 1 153 7 80 1 7221 7 6 3 114 3 50 4 8 9 9 6 10
11 2740 23 7940 8045 153 6510 64 4464 1 6 0 4 29 111 2 46 6920 182 8 55 4 32
47 4 6868 9 5 128 139 122 163 174 202 6 1 28 1 10 0 153 34 9 6660 7 3 9 5
165 8 3987 3 5 29 26 28 5 54 151 0 557 2 7 76 9 2926 7 131 3899 10 35 7 303
8 57 3 165 8 5459 8 5 98 9 12 4865 5 3 63 84 9 1 201 2 5 9 6 80 8 8 8 8 123
8 181 108 117 170 462 7 2 7 120 6 39 6 3 8 56 147 74 7 56 7010 76 8638 110
183 175 5 23 115 1 85 66 164 9 3 7 7 105 1 108 173 165 1 5 6 6 9 15 7 33 177
60 163 2 3 4 9 4749 97 7 3 4 1 5 2 2560 3 5 0 50 26 7733 9 16 9 7 153 4 1 0
140 9 191 5 8 134 47 2 9452 160 218 149 99 6519 1 32 52 2392 6481 21 131
3915 4557 596 4 203 89 4 180 4959 88 14 195 4 172 9 67 8 194 5688 4745 15
8339 152 10 8 6 83 1 3 0 104 165 6 9221 10 9 2 4 3 70 57 2 44 7 4 4 95 10 90
146 192 93 179 149 159 189 7 8 152 187 9 77 52 99 145 9 4568 6 6 8 7 142 174
204 149 154 194 158 1511 42 6 8 5 125 7 7 4 4014 6 18 6290 133 2902 8 177 5
19 67 90 76 41 193 8 3686 154 8 20 3 8069 2 59 10 11 150 156 2 6 3632 169 32
7 4786 1 6 27 203 90 187 47 6 4 3 5 2 8 6 8 6144 35 117 8571 0 156 8 55 62
193 2 7 2 2 9245 5 62 1 50 3 2713 4 87 3 1 7594 8 4 6968 8 2969 9 2 65 69
147 9 108 23 4 54 3 8 7919 76 6 9 133 2596 6 9 8 8 184 93 105 6 4356 3601
195 3094 192 150 43 10 14 199 1 200 110 5 48 132 113 6 143 170 5402 75 7248
9 69 148 5 8004 10 8 9 1961 4 9490 10 129 107 47 10 125 4 9 141 1705 3 25
1626 8 2 156 5 195 205 7 12 4885 31 1233 199 39 108 4 104 4 7 132 5898 91 7
21 8 9 2148 184 107 9 112 49 9 204 2 68 6 56 3 72 3 6567 107 173 7 149 6 16
4 79 13 76 13 4 9 10 7849 150 91 11 106 88 100 9 5 9829 5 4 135 4 75 1 43 65
5 191 8 6 55 109 7 3226 173 83 49 137 6944 56 45 6 3 5 7 5 79 135 5 3 8 4 3
5 10 72 4 3 6 2 4645 3182 5 2 7862 108 63 5170 1 155 10 153 151 4102 93 2
135 16 180 181 108 54 184 189 8502 5 6 1 6 1 18 8 3170 207 9 110 189 154
9232 8 113 3 73 2 2 10 8 4300 16 177 163 9 105 7 2803 49 0 68 1051 77 76 105
10 105 41 9 9 7154 42 164 182 5 0 11 7 47 131 6586 182 87 3556 6 196 6065
4606 67 67 4 119 92 95 192 125 58 2376 0 3 72 8 10 5 7 3 9882 43 2 202 2 794
9 10 68 85 4 5827 41 203 9373 91 164 110 193 3 9 191 5 11 69 0 108 4 133 5
8264 36 3 14 14 1 158 102 3218 129 10 67 15 8 9 46 3 1 16 0 5501 10 0 64 6
10 3046 82 5 5 22 182 123 37 88 21 3 2250 2 3207 6087 160 85 2 6 23 200 189
6 6 58 6623 3 7 0 119 3 6917 7 41 2837 115 188 69 144 4857 4628 34 125 49
2091 8 4 3 9 5 6 116 9308 1 6 8584 38 1 10 9 25 149 3173 7 3 6 7 5992 7 40 7
11 136 140 164 8 77 171 178 1378 2 137 128 103 6 10 3 9 189 99 8301 6 1 123
1 9850 176 7 56 87 98 5 6 155 137 4 1 90 6 8 50 2 101 188 16 140 208 376 5 6
85 7 82 104 9 85 2 2 10 4900 10 178 21 7 105 170 9 9 1938 82 12 180 54 8 66
4 201 5 2331 109 192 2 123 6 9 5 94 193 4 8 2 10 19 9 9 1 1 81 61 7 11 4 64
138 100 37 7 7 156 3 5 5 5902 98 6641 4 44 7988 3 2516 7 99 5 7 9 0 96 32
8520 182 35 2 0 39 3127 1 3634 29 169 206 136 156 130 71 6377 81 204 8 15
194 3

-1
